 H     0.46       1.00000   0.80000   0.80000
He     1.22       0.98824   0.90980   0.80784
Li     1.55       0.52549   0.87843   0.45490
Be     1.13       0.36863   0.84314   0.48235
 B     0.91       0.12157   0.63529   0.05882
 C     0.77       0.50196   0.28627   0.16078
 N     0.71       0.69020   0.72549   0.90196
 O     0.48       0.99608   0.01176   0.00000
 F     0.42       0.69020   0.72549   0.90196
Ne     1.60       0.99608   0.21569   0.70980
Na     1.89       0.97647   0.86275   0.23529
Mg     1.60       0.98431   0.48235   0.08235
Al     1.43       0.50588   0.69804   0.83922
Si     1.34       0.10588   0.23137   0.98039
 P     1.30       0.75294   0.61176   0.76078
 S     0.88       1.00000   0.98039   0.00000
Cl     0.79       0.19216   0.98824   0.00784
Ar     1.92       0.81176   0.99608   0.76863
 K     2.36       0.63137   0.12941   0.96471
Ca     1.97       0.35294   0.58824   0.74118
Sc     1.64       0.70980   0.38824   0.67059
Ti     1.46       0.47059   0.79216   1.00000
 V     1.34       0.89804   0.09804   0.00000
Cr     1.27       1.00000   0.00000   0.60000
Mn     1.31       0.65882   0.03137   0.61961
Fe     1.26       0.70980   0.44314   0.00000
Co     1.25       0.00000   0.00000   0.68627
Ni     1.24       0.71765   0.73333   0.74118
Cu     1.28       0.13333   0.27843   0.86275
Zn     1.39       0.56078   0.56078   0.50588
Ga     1.39       0.61961   0.89020   0.45098
Ge     1.39       0.49412   0.43137   0.65098
As     1.48       0.45490   0.81569   0.34118
Se     1.60       0.60392   0.93725   0.05882
Br     0.94       0.49412   0.19216   0.00784
Kr     1.98       0.98039   0.75686   0.95294
Rb     2.48       1.00000   0.00000   0.60000
Sr     2.15       0.00000   1.00000   0.14902
 Y     1.81       0.40000   0.59608   0.55686
Zr     1.60       0.00000   1.00000   0.00000
Nb     1.45       0.29804   0.69804   0.46275
Mo     1.39       0.70196   0.52549   0.68627
Tc     1.36       0.80392   0.68627   0.79216
Ru     1.34       0.81176   0.71765   0.67843
Rh     1.34       0.80392   0.81961   0.67059
Pd     1.37       0.75686   0.76471   0.72157
Ag     1.44       0.71765   0.73333   0.74118
Cd     1.56       0.94902   0.11765   0.86275
In     1.66       0.84314   0.50196   0.73333
Sn     1.58       0.60392   0.55686   0.72549
Sb     1.61       0.84314   0.51373   0.30980
Te     1.70       0.67843   0.63529   0.31765
 I     1.15       0.55686   0.12157   0.54118
Xe     2.18       0.60392   0.63137   0.97255
Cs     2.68       0.05490   0.99608   0.72549
Ba     2.21       0.11765   0.93725   0.17255
La     1.87       0.35294   0.76863   0.28627
Ce     1.83       0.81961   0.98824   0.02353
Pr     1.82       0.98824   0.88235   0.01961
Nd     1.82       0.98431   0.55294   0.02353
Pm     2.05       1.00000   0.07451   0.57647
Sm     1.81       0.98824   0.02353   0.49020
Eu     2.02       0.98039   0.02745   0.83529
Gd     1.79       0.75294   0.01176   1.00000
Tb     1.77       0.44314   0.01569   0.99608
Dy     1.77       0.19216   0.02353   0.98824
Ho     1.76       0.02745   0.25490   0.98431
Er     1.75       0.28627   0.44706   0.22745
Tu     1.74       0.15686   0.79216   0.98431
Yb     1.93       0.15294   0.98824   0.95686
Lu     1.74       0.14902   0.99216   0.70980
Hf     1.59       0.70588   0.70196   0.34902
Ta     1.46       0.71765   0.60392   0.33725
 W     1.40       0.55294   0.54118   0.49804
Re     1.37       0.70196   0.69020   0.55686
Os     1.35       0.78431   0.69412   0.47059
Ir     1.35       0.78824   0.80784   0.44706
Pt     1.38       0.79608   0.77255   0.74902
Au     1.44       0.99608   0.69804   0.21961
Hg     1.60       0.82745   0.71765   0.79608
Tl     1.71       0.58431   0.53725   0.42353
Pb     1.75       0.32157   0.32549   0.35686
Bi     1.82       0.82353   0.18431   0.96863
Po     1.35       1.00000   0.07451   0.57647
At     1.27       1.00000   0.07451   0.57647
Rn     1.20       1.00000   0.07451   0.57647
Fr     2.80       0.49804   0.49804   0.49804
Ra     2.35       0.42745   0.66275   0.34510
Ac     2.03       0.39216   0.61961   0.44706
Th     1.80       0.14510   0.99216   0.47059
Pa     1.62       0.16078   0.98039   0.20784
 U     1.53       0.47451   0.63137   0.66667
Np     1.50       0.32549   0.48627   0.81569
Pu     1.62       0.36471   0.36078   0.67843
